100.080         0.00006         0.00012         0.00000         0.00000         0.00000         0.00000         0.95440        -0.04851        -0.29455
100.800         0.00005         0.00009         0.00000         0.00000         0.00000         0.00000         0.98619         0.11110        -0.12282
101.520         0.00002         0.00004         0.00000         0.00000         0.00000         0.00000         0.91215         0.39823         0.09695
102.240         0.00001         0.00001         0.00000         0.00000         0.00000         0.00000         0.31875         0.90620        -0.27786
102.960         0.00002         0.00003         0.00001         0.00000         0.00000         0.00000         0.64070         0.09834        -0.76147
103.680         0.00004         0.00008         0.00000         0.00000         0.00000         0.00000         0.89978        -0.06204        -0.43191
104.400         0.00007         0.00013         0.00000         0.00000         0.00000         0.00000         0.97761        -0.07991        -0.19464
105.120         0.00007         0.00014         0.00000         0.00000         0.00000         0.00000         0.99652        -0.08265         0.01057
105.840         0.00005         0.00010         0.00000         0.00000         0.00000         0.00000         0.96948        -0.07247         0.23423
106.560         0.00002         0.00004         0.00000         0.00000         0.00000         0.00000         0.84655         0.02029         0.53192
107.280         0.00001         0.00001         0.00000         0.00000         0.00000         0.00000         0.45323         0.63496         0.62562
108.000         0.00001         0.00002         0.00000         0.00000         0.00000         0.00000         0.81578         0.49235        -0.30346
108.720         0.00003         0.00006         0.00000         0.00000         0.00000         0.00000         0.99597         0.01078        -0.08899
109.440         0.00005         0.00009         0.00000         0.00000         0.00000         0.00000         0.97059        -0.19610         0.13965
110.160         0.00005         0.00010         0.00001         0.00000         0.00000         0.00000         0.88093        -0.35441         0.31362
110.880         0.00004         0.00007         0.00001         0.00000         0.00000         0.00000         0.72762        -0.52287         0.44404
111.600         0.00002         0.00004         0.00001         0.00000         0.00000         0.00000         0.46443        -0.72508         0.50849
112.320         0.00001         0.00001         0.00001         0.00000         0.00000         0.00000        -0.06360        -0.92170         0.38265
113.040         0.00000         0.00000         0.00000         0.00000         0.00000         0.00000        -0.90620        -0.01084        -0.42270
113.760         0.00000         0.00001         0.00000         0.00000         0.00000         0.00000         0.74298         0.49240         0.45335
114.480         0.00001         0.00002         0.00000         0.00000         0.00000         0.00000         0.63265        -0.42471         0.64759
115.200         0.00002         0.00003         0.00001         0.00000         0.00000         0.00000         0.39652        -0.81509         0.42237
115.920         0.00003         0.00003         0.00002         0.00000         0.00000         0.00000         0.29259        -0.95140         0.09602
116.640         0.00003         0.00004         0.00002         0.00000         0.00000         0.00000         0.33016        -0.92271        -0.19898
117.360         0.00003         0.00004         0.00002         0.00000         0.00000         0.00000         0.46625        -0.79644        -0.38510
118.080         0.00002         0.00004         0.00001         0.00000         0.00000         0.00000         0.65006        -0.61803        -0.44210
118.800         0.00001         0.00003         0.00000         0.00000         0.00000         0.00000         0.84924        -0.37449        -0.37223
119.520         0.00001         0.00001         0.00000         0.00000         0.00000         0.00000         0.97566         0.14809        -0.16172
120.240         0.00000         0.00000         0.00000         0.00000         0.00000         0.00000        -0.28976         0.64781        -0.70454
120.960         0.00001         0.00001         0.00001         0.00000         0.00000         0.00000         0.21693        -0.55635        -0.80213
121.680         0.00002         0.00003         0.00001         0.00000         0.00000         0.00000         0.57981        -0.62113        -0.52728
122.400         0.00004         0.00007         0.00001         0.00000         0.00000         0.00000         0.72447        -0.61050        -0.32004
123.120         0.00005         0.00008         0.00001         0.00000         0.00000         0.00000         0.78337        -0.60672        -0.13497
123.840         0.00005         0.00008         0.00001         0.00000         0.00000         0.00000         0.78728        -0.61474         0.04778
124.560         0.00004         0.00006         0.00001         0.00000         0.00000         0.00000         0.73748        -0.63033         0.24251
125.280         0.00002         0.00003         0.00001         0.00000         0.00000         0.00000         0.61018        -0.63576         0.47275
126.000         0.00001         0.00001         0.00000         0.00000         0.00000         0.00000         0.31847        -0.51540         0.79557
126.720         0.00000         0.00000         0.00000         0.00000         0.00000         0.00000         0.10704         0.59058         0.79985
127.440         0.00000         0.00001         0.00000         0.00000         0.00000         0.00000         0.99853         0.00027         0.05417
128.160         0.00001         0.00002         0.00000         0.00000         0.00000         0.00000         0.81410        -0.52662         0.24477
128.880         0.00002         0.00003         0.00001         0.00000         0.00000         0.00000         0.57909        -0.74002         0.34209
129.600         0.00003         0.00004         0.00002         0.00000         0.00000         0.00000         0.36027        -0.87253         0.32999
130.320         0.00003         0.00004         0.00002         0.00000         0.00000         0.00000         0.18251        -0.95862         0.21848
131.040         0.00003         0.00003         0.00003         0.00000         0.00000         0.00000         0.08445        -0.99585         0.03384
131.760         0.00003         0.00003         0.00002         0.00000         0.00000         0.00000         0.09565        -0.98092        -0.16924
132.480         0.00002         0.00003         0.00002         0.00000         0.00000         0.00000         0.21405        -0.92116        -0.32503
133.200         0.00002         0.00002         0.00001         0.00000         0.00000         0.00000         0.41150        -0.82588        -0.38547
133.920         0.00001         0.00001         0.00000         0.00000         0.00000         0.00000         0.66472        -0.67347        -0.32340
134.640         0.00000         0.00001         0.00000         0.00000         0.00000         0.00000         0.96030        -0.25561        -0.11176
135.360         0.00000         0.00000         0.00000         0.00000         0.00000         0.00000         0.10306         0.74897        -0.65455
136.080         0.00000         0.00000         0.00000         0.00000         0.00000         0.00000         0.05321        -0.58723        -0.80767
136.800         0.00001         0.00001         0.00001         0.00000         0.00000         0.00000         0.35348        -0.79400        -0.49459
137.520         0.00002         0.00003         0.00001         0.00000         0.00000         0.00000         0.47025        -0.83948        -0.27229
138.240         0.00003         0.00005         0.00002         0.00000         0.00000         0.00000         0.49935        -0.86118        -0.09496
138.960         0.00004         0.00005         0.00002         0.00000         0.00000         0.00000         0.47315        -0.87961         0.04921
139.680         0.00004         0.00005         0.00002         0.00000         0.00000         0.00000         0.40575        -0.90004         0.15903
140.400         0.00004         0.00005         0.00002         0.00000         0.00000         0.00000         0.30633        -0.92435         0.22747
141.120         0.00003         0.00003         0.00002         0.00000         0.00000         0.00000         0.18492        -0.95220         0.24316
141.840         0.00002         0.00002         0.00002         0.00000         0.00000         0.00000         0.05745        -0.97987         0.19118
142.560         0.00001         0.00001         0.00001         0.00000         0.00000         0.00000        -0.04823        -0.99732         0.05496
143.280         0.00001         0.00001         0.00001         0.00000         0.00000         0.00000        -0.08437        -0.97963        -0.18224
144.000         0.00000         0.00000         0.00000         0.00000         0.00000         0.00000         0.04172        -0.83488        -0.54885
144.720         0.00000         0.00000         0.00000         0.00000         0.00000         0.00000         0.52919         0.24267        -0.81306
145.440         0.00000         0.00000         0.00000         0.00000         0.00000         0.00000        -0.59722        -0.43527         0.67370
146.160         0.00000         0.00000         0.00000         0.00000         0.00000         0.00000        -0.31755        -0.94618         0.06247
146.880         0.00001         0.00001         0.00001         0.00000         0.00000         0.00000        -0.07337        -0.98854        -0.13192
147.600         0.00001         0.00002         0.00001         0.00000         0.00000         0.00000         0.09917        -0.98065        -0.16877
148.320         0.00002         0.00003         0.00002         0.00000         0.00000         0.00000         0.20976        -0.96813        -0.13686
149.040         0.00003         0.00004         0.00002         0.00000         0.00000         0.00000         0.26576        -0.96081        -0.07885
149.760         0.00003         0.00004         0.00002         0.00000         0.00000         0.00000         0.27591        -0.96098        -0.01979
150.480         0.00004         0.00005         0.00003         0.00000         0.00000         0.00000         0.25005        -0.96791         0.02517
151.200         0.00004         0.00004         0.00003         0.00000         0.00000         0.00000         0.19904        -0.97883         0.04768
151.920         0.00003         0.00004         0.00003         0.00000         0.00000         0.00000         0.13530        -0.98976         0.04539
152.640         0.00003         0.00003         0.00003         0.00000         0.00000         0.00000         0.07282        -0.99709         0.02239
153.360         0.00003         0.00003         0.00002         0.00000         0.00000         0.00000         0.02569        -0.99961        -0.01050
154.080         0.00002         0.00002         0.00002         0.00000         0.00000         0.00000         0.00509        -0.99929        -0.03730
154.800         0.00001         0.00001         0.00001         0.00000         0.00000         0.00000         0.01638        -0.99904        -0.04051
155.520         0.00001         0.00001         0.00001         0.00000         0.00000         0.00000         0.05759        -0.99832        -0.00588
156.240         0.00001         0.00001         0.00001         0.00000         0.00000         0.00000         0.11961        -0.99013         0.07307
156.960         0.00000         0.00000         0.00000         0.00000         0.00000         0.00000         0.18874        -0.96303         0.19224
157.680         0.00000         0.00000         0.00000         0.00000         0.00000         0.00000         0.25695        -0.90379         0.34226
158.400         0.00000         0.00000         0.00000         0.00000         0.00000         0.00000         0.38744        -0.74802         0.53885
159.120         0.00000         0.00000         0.00000         0.00000         0.00000         0.00000         0.20858        -0.93023        -0.30193
159.840         0.00000         0.00000         0.00000         0.00000         0.00000         0.00000         0.05910        -0.96279         0.26369
160.560         0.00000         0.00000         0.00000         0.00000         0.00000         0.00000         0.01376        -0.95046         0.31056
161.280         0.00000         0.00000         0.00000         0.00000         0.00000         0.00000        -0.03559        -0.96635         0.25477
162.000         0.00001         0.00001         0.00001         0.00000         0.00000         0.00000        -0.06353        -0.98713         0.14674
162.720         0.00001         0.00001         0.00001         0.00000         0.00000         0.00000        -0.05698        -0.99808         0.02424
163.440         0.00002         0.00001         0.00002         0.00000         0.00000         0.00000        -0.01845        -0.99683        -0.07735
164.160         0.00002         0.00002         0.00002         0.00000         0.00000         0.00000         0.03862        -0.99007        -0.13517
164.880         0.00002         0.00003         0.00002         0.00000         0.00000         0.00000         0.09821        -0.98492        -0.14247
165.600         0.00003         0.00003         0.00002         0.00000         0.00000         0.00000         0.14643        -0.98365        -0.10486
166.320         0.00003         0.00003         0.00002         0.00000         0.00000         0.00000         0.17176        -0.98447        -0.03615
167.040         0.00003         0.00004         0.00003         0.00000         0.00000         0.00000         0.16461        -0.98537         0.04415
167.760         0.00003         0.00003         0.00003         0.00000         0.00000         0.00000         0.11865        -0.98649         0.11291
168.480         0.00003         0.00003         0.00003         0.00000         0.00000         0.00000         0.03495        -0.98862         0.14630
169.200         0.00003         0.00003         0.00003         0.00000         0.00000         0.00000        -0.07155        -0.98947         0.12582
169.920         0.00003         0.00002         0.00003         0.00000         0.00000         0.00000        -0.16893        -0.98434         0.05046
170.640         0.00003         0.00002         0.00004         0.00000         0.00000         0.00000        -0.22024        -0.97402        -0.05272
171.360         0.00003         0.00002         0.00004         0.00000         0.00000         0.00000        -0.20659        -0.96849        -0.13908
172.080         0.00003         0.00003         0.00004         0.00000         0.00000         0.00000        -0.13432        -0.97556        -0.17391
172.800         0.00004         0.00004         0.00004         0.00000         0.00000         0.00000        -0.02307        -0.98873        -0.14790
173.520         0.00004         0.00004         0.00004         0.00000         0.00000         0.00000         0.10377        -0.99182        -0.07427
174.240         0.00004         0.00005         0.00003         0.00000         0.00000         0.00000         0.22248        -0.97469         0.02199
174.960         0.00004         0.00006         0.00003         0.00000         0.00000         0.00000         0.31362        -0.94235         0.11668
175.680         0.00004         0.00006         0.00003         0.00000         0.00000         0.00000         0.36536        -0.91044         0.19393
176.400         0.00004         0.00005         0.00002         0.00000         0.00000         0.00000         0.37191        -0.89538         0.24489
177.120         0.00003         0.00004         0.00002         0.00000         0.00000         0.00000         0.33026        -0.90708         0.26104
177.840         0.00002         0.00003         0.00002         0.00000         0.00000         0.00000         0.24283        -0.94239         0.23009
178.560         0.00002         0.00002         0.00002         0.00000         0.00000         0.00000         0.12985        -0.98053         0.14728
179.280         0.00002         0.00002         0.00001         0.00000         0.00000         0.00000         0.03550        -0.99828         0.04663
180.000         0.00001         0.00001         0.00001         0.00000         0.00000         0.00000         0.00000        -1.00000        -0.00000