100.080         0.00008         0.00016         0.00000         0.00000         0.00000         0.00000         0.97151         0.23542         0.02742
100.800         0.00009         0.00017         0.00001         0.00000         0.00000         0.00000         0.93732         0.07739         0.33978
101.520         0.00004         0.00008         0.00001         0.00000         0.00000         0.00000         0.71700        -0.09146         0.69104
102.240         0.00001         0.00001         0.00001         0.00000         0.00000         0.00000        -0.26724         0.09633         0.95880
102.960         0.00001         0.00002         0.00000         0.00000         0.00000         0.00000         0.63717         0.76887         0.05345
103.680         0.00003         0.00007         0.00000         0.00000         0.00000         0.00000         0.88523         0.09224         0.45591
104.400         0.00004         0.00007         0.00001         0.00000         0.00000         0.00000         0.67451        -0.41207         0.61257
105.120         0.00003         0.00004         0.00002         0.00000         0.00000         0.00000         0.33356        -0.87292         0.35601
105.840         0.00002         0.00002         0.00001         0.00000         0.00000         0.00000         0.12622        -0.87574        -0.46598
106.560         0.00001         0.00001         0.00000         0.00000         0.00000         0.00000         0.35867         0.28900        -0.88760
107.280         0.00000         0.00000         0.00001         0.00000         0.00000         0.00000        -0.17603         0.43954         0.88081
108.000         0.00001         0.00001         0.00002         0.00000         0.00000         0.00000        -0.15020        -0.98859         0.01165
108.720         0.00003         0.00005         0.00002         0.00000         0.00000         0.00000         0.40651        -0.74041        -0.53530
109.440         0.00005         0.00009         0.00001         0.00000         0.00000         0.00000         0.74928        -0.40436        -0.52448
110.160         0.00004         0.00008         0.00000         0.00000         0.00000         0.00000         0.94487        -0.10275        -0.31090
110.880         0.00002         0.00003         0.00000         0.00000         0.00000         0.00000         0.92014         0.39123         0.01657
111.600         0.00001         0.00001         0.00001         0.00000         0.00000         0.00000         0.13854         0.60508        -0.78402
112.320         0.00003         0.00005         0.00001         0.00000         0.00000         0.00000         0.72865        -0.18226        -0.66018
113.040         0.00006         0.00012         0.00000         0.00000         0.00000         0.00000         0.93117        -0.24685        -0.26831
113.760         0.00007         0.00013         0.00000         0.00000         0.00000         0.00000         0.96456        -0.25728         0.05863
114.480         0.00004         0.00008         0.00001         0.00000         0.00000         0.00000         0.87563        -0.24643         0.41538
115.200         0.00001         0.00002         0.00001         0.00000         0.00000         0.00000         0.50694         0.02379         0.86165
115.920         0.00001         0.00001         0.00000         0.00000         0.00000         0.00000         0.61644         0.78740         0.00099
116.640         0.00002         0.00005         0.00000         0.00000         0.00000         0.00000         0.99342        -0.05827         0.09865
117.360         0.00004         0.00007         0.00001         0.00000         0.00000         0.00000         0.81369        -0.42209         0.39969
118.080         0.00004         0.00006         0.00002         0.00000         0.00000         0.00000         0.49947        -0.69722         0.51421
118.800         0.00003         0.00003         0.00003         0.00000         0.00000         0.00000         0.10971        -0.93516         0.33681
119.520         0.00001         0.00001         0.00002         0.00000         0.00000         0.00000        -0.15430        -0.94924        -0.27412
120.240         0.00001         0.00001         0.00000         0.00000         0.00000         0.00000         0.13814        -0.17768        -0.97435
120.960         0.00000         0.00000         0.00000         0.00000         0.00000         0.00000         0.00879         0.77883         0.62718
121.680         0.00001         0.00000         0.00001         0.00000         0.00000         0.00000        -0.48928        -0.85499         0.17207
122.400         0.00002         0.00002         0.00002         0.00000         0.00000         0.00000         0.05636        -0.89911        -0.43409
123.120         0.00004         0.00006         0.00002         0.00000         0.00000         0.00000         0.46922        -0.74219        -0.47854
123.840         0.00005         0.00008         0.00001         0.00000         0.00000         0.00000         0.72516        -0.61489        -0.30991
124.560         0.00003         0.00007         0.00000         0.00000         0.00000         0.00000         0.86303        -0.50429        -0.02958
125.280         0.00002         0.00003         0.00000         0.00000         0.00000         0.00000         0.88293        -0.28834         0.37054
126.000         0.00000         0.00001         0.00000         0.00000         0.00000         0.00000         0.68417         0.64788         0.33491
126.720         0.00001         0.00002         0.00000         0.00000         0.00000         0.00000         0.87534        -0.15723        -0.45722
127.440         0.00003         0.00005         0.00000         0.00000         0.00000         0.00000         0.83670        -0.54704        -0.02602
128.160         0.00004         0.00007         0.00001         0.00000         0.00000         0.00000         0.67812        -0.69319         0.24421
128.880         0.00004         0.00006         0.00002         0.00000         0.00000         0.00000         0.44691        -0.81284         0.37358
129.600         0.00003         0.00004         0.00003         0.00000         0.00000         0.00000         0.16667        -0.92835         0.33225
130.320         0.00002         0.00002         0.00002         0.00000         0.00000         0.00000        -0.08564        -0.99535         0.04411
131.040         0.00001         0.00001         0.00001         0.00000         0.00000         0.00000        -0.10671        -0.82903        -0.54893
131.760         0.00000         0.00000         0.00000         0.00000         0.00000         0.00000         0.39628         0.55860        -0.72865
132.480         0.00000         0.00000         0.00000         0.00000         0.00000         0.00000        -0.58889        -0.57510         0.56786
133.200         0.00001         0.00001         0.00001         0.00000         0.00000         0.00000        -0.19123        -0.96348        -0.18745
133.920         0.00002         0.00003         0.00002         0.00000         0.00000         0.00000         0.18473        -0.92142        -0.34186
134.640         0.00004         0.00005         0.00002         0.00000         0.00000         0.00000         0.42658        -0.86658        -0.25898
135.360         0.00004         0.00006         0.00002         0.00000         0.00000         0.00000         0.54347        -0.83520        -0.08417
136.080         0.00004         0.00006         0.00002         0.00000         0.00000         0.00000         0.55037        -0.82708         0.11411
136.800         0.00002         0.00003         0.00001         0.00000         0.00000         0.00000         0.45251        -0.84027         0.29862
137.520         0.00001         0.00001         0.00001         0.00000         0.00000         0.00000         0.21260        -0.86571         0.45316
138.240         0.00000         0.00000         0.00000         0.00000         0.00000         0.00000        -0.49749        -0.53462         0.68314
138.960         0.00000         0.00000         0.00000         0.00000         0.00000         0.00000         0.72555        -0.48432         0.48888
139.680         0.00001         0.00001         0.00001         0.00000         0.00000         0.00000         0.33971        -0.87360         0.34845
140.400         0.00002         0.00002         0.00002         0.00000         0.00000         0.00000         0.16409        -0.97152         0.17092
141.120         0.00003         0.00003         0.00003         0.00000         0.00000         0.00000         0.12249        -0.99238        -0.01358
141.840         0.00004         0.00004         0.00003         0.00000         0.00000         0.00000         0.17389        -0.97548        -0.13493
142.560         0.00004         0.00005         0.00003         0.00000         0.00000         0.00000         0.26059        -0.95304        -0.15428
143.280         0.00003         0.00004         0.00002         0.00000         0.00000         0.00000         0.32384        -0.94305        -0.07611
144.000         0.00002         0.00003         0.00002         0.00000         0.00000         0.00000         0.31910        -0.94553         0.06449
144.720         0.00001         0.00002         0.00001         0.00000         0.00000         0.00000         0.21907        -0.95172         0.21503
145.440         0.00000         0.00000         0.00000         0.00000         0.00000         0.00000        -0.00452        -0.94701         0.32118
146.160         0.00000         0.00000         0.00000         0.00000         0.00000         0.00000        -0.59028        -0.66622         0.45576
146.880         0.00000         0.00000         0.00000         0.00000         0.00000         0.00000         0.33849        -0.82743         0.44809
147.600         0.00001         0.00001         0.00001         0.00000         0.00000         0.00000         0.03784        -0.98175         0.18636
148.320         0.00001         0.00001         0.00001         0.00000         0.00000         0.00000        -0.01800        -0.99984         0.00120
149.040         0.00002         0.00002         0.00002         0.00000         0.00000         0.00000         0.03521        -0.99206        -0.12074
149.760         0.00003         0.00004         0.00003         0.00000         0.00000         0.00000         0.13284        -0.97955        -0.15108
150.480         0.00004         0.00005         0.00003         0.00000         0.00000         0.00000         0.22239        -0.97073        -0.09065
151.200         0.00004         0.00005         0.00003         0.00000         0.00000         0.00000         0.26305        -0.96427         0.03147
151.920         0.00004         0.00004         0.00003         0.00000         0.00000         0.00000         0.22798        -0.96021         0.16133
152.640         0.00003         0.00003         0.00003         0.00000         0.00000         0.00000         0.11440        -0.96754         0.22535
153.360         0.00002         0.00002         0.00002         0.00000         0.00000         0.00000        -0.03546        -0.98870         0.14565
154.080         0.00001         0.00001         0.00002         0.00000         0.00000         0.00000        -0.11406        -0.98770        -0.10699
154.800         0.00001         0.00001         0.00001         0.00000         0.00000         0.00000        -0.00673        -0.90598        -0.42327
155.520         0.00000         0.00001         0.00000         0.00000         0.00000         0.00000         0.28359        -0.73300        -0.61829
156.240         0.00000         0.00000         0.00000         0.00000         0.00000         0.00000         0.70362        -0.32793        -0.63039
156.960         0.00000         0.00000         0.00000         0.00000         0.00000         0.00000        -0.13312        -0.02753        -0.99072
157.680         0.00000         0.00000         0.00000         0.00000         0.00000         0.00000         0.18006        -0.67103        -0.71924
158.400         0.00001         0.00001         0.00001         0.00000         0.00000         0.00000         0.36206        -0.81556        -0.45142
159.120         0.00001         0.00002         0.00001         0.00000         0.00000         0.00000         0.39743        -0.90280        -0.16430
159.840         0.00002         0.00003         0.00001         0.00000         0.00000         0.00000         0.31750        -0.94235         0.10564
160.560         0.00002         0.00003         0.00002         0.00000         0.00000         0.00000         0.14355        -0.94914         0.28024
161.280         0.00003         0.00002         0.00003         0.00000         0.00000         0.00000        -0.07058        -0.95448         0.28980
162.000         0.00003         0.00002         0.00003         0.00000         0.00000         0.00000        -0.21740        -0.96787         0.12631
162.720         0.00003         0.00003         0.00004         0.00000         0.00000         0.00000        -0.19586        -0.97587        -0.09649
163.440         0.00004         0.00003         0.00004         0.00000         0.00000         0.00000        -0.03502        -0.97533        -0.21795
164.160         0.00004         0.00005         0.00003         0.00000         0.00000         0.00000         0.14662        -0.97123        -0.18765
164.880         0.00004         0.00005         0.00003         0.00000         0.00000         0.00000         0.26177        -0.96329        -0.05959
165.600         0.00004         0.00005         0.00003         0.00000         0.00000         0.00000         0.27466        -0.95754         0.08759
166.320         0.00004         0.00004         0.00003         0.00000         0.00000         0.00000         0.17534        -0.96663         0.18675
167.040         0.00003         0.00003         0.00003         0.00000         0.00000         0.00000        -0.02521        -0.98327         0.18038
167.760         0.00002         0.00002         0.00003         0.00000         0.00000         0.00000        -0.24955        -0.96760         0.03846
168.480         0.00002         0.00001         0.00003         0.00000         0.00000         0.00000        -0.34768        -0.92386        -0.15999
169.200         0.00002         0.00001         0.00002         0.00000         0.00000         0.00000        -0.24868        -0.93536        -0.25151
169.920         0.00002         0.00002         0.00002         0.00000         0.00000         0.00000        -0.01114        -0.98815        -0.15312
170.640         0.00002         0.00002         0.00001         0.00000         0.00000         0.00000         0.23364        -0.97085         0.05343
171.360         0.00002         0.00002         0.00001         0.00000         0.00000         0.00000         0.36726        -0.90591         0.21082
172.080         0.00001         0.00002         0.00001         0.00000         0.00000         0.00000         0.36009        -0.90135         0.24064
172.800         0.00001         0.00001         0.00001         0.00000         0.00000         0.00000         0.19771        -0.97565         0.09495
173.520         0.00001         0.00001         0.00001         0.00000         0.00000         0.00000        -0.12527        -0.95843        -0.25634
174.240         0.00000         0.00000         0.00001         0.00000         0.00000         0.00000        -0.45096        -0.68633        -0.57060
174.960         0.00000         0.00000         0.00000         0.00000         0.00000         0.00000        -0.66063        -0.54172        -0.51972
175.680         0.00000         0.00000         0.00000         0.00000         0.00000         0.00000        -0.61451        -0.78590         0.06890
176.400         0.00000         0.00000         0.00000         0.00000         0.00000         0.00000        -0.04940        -0.67765         0.73372
177.120         0.00000         0.00000         0.00000         0.00000         0.00000         0.00000         0.22438        -0.44699         0.86594
177.840         0.00000         0.00000         0.00000         0.00000         0.00000         0.00000         0.19532        -0.53430         0.82242
178.560         0.00000         0.00000         0.00000         0.00000         0.00000         0.00000         0.06844        -0.81517         0.57517
179.280         0.00000         0.00000         0.00000         0.00000         0.00000         0.00000         0.00222        -0.98361         0.18030
180.000         0.00000         0.00000         0.00000         0.00000         0.00000         0.00000         0.00000        -1.00000        -0.00000